 1.000  0.931  0.847  0.576  0.185  0.138  0.187  0.029 -0.185 -0.155 -0.147 -0.155 -0.291 -0.337 -0.287 -0.278 -0.255 -0.445 -0.134 -0.105 -0.428 -0.511 -0.493 -0.475 -0.403  0.004 -0.040  0.314  0.256  0.036  0.219  0.287  0.067  0.001 -0.159 -0.069 -0.089 -0.075 -0.036 -0.006  0.009  0.024  0.065  0.040  0.051 -0.114 -0.099 -0.045 -0.108 -0.234 -0.319 -0.363 -0.313 -0.367 -0.455 -0.397 -0.395 -0.491 -0.394 -0.273 -0.179 -0.210 -0.150 -0.127 -0.121 -0.032 -0.102 -0.116 -0.216 -0.259 -0.319 -0.314 -0.327 -0.179 -0.106 -0.012  0.035  0.107  0.031  0.046  0.034  0.001  0.176  0.058  0.043  0.021 -0.034 -0.031 -0.089 -0.125 -0.101 -0.014  0.026 -0.024 -0.004 -0.024  0.028  0.037  0.026  0.140  0.078  0.253  0.245  0.266  0.156 -0.015 -0.155 -0.322 -0.425 -0.533 -0.545 -0.493 -0.418 -0.372 -0.467 -0.388 -0.464 -0.450 -0.272 -0.185 -0.082  0.025  0.097  0.076 
 0.931  1.000  0.930  0.730  0.325  0.256  0.291  0.145 -0.040 -0.010 -0.033 -0.043 -0.188 -0.242 -0.246 -0.272 -0.235 -0.475 -0.188 -0.177 -0.426 -0.529 -0.467 -0.439 -0.387 -0.019  0.006  0.259  0.214 -0.011  0.138  0.213  0.007 -0.098 -0.226 -0.168 -0.200 -0.183 -0.128 -0.084 -0.019  0.050  0.125  0.103  0.159  0.006  0.016  0.094  0.017 -0.125 -0.226 -0.290 -0.243 -0.294 -0.415 -0.387 -0.395 -0.511 -0.411 -0.318 -0.259 -0.298 -0.226 -0.185 -0.167 -0.059 -0.130 -0.164 -0.269 -0.329 -0.372 -0.382 -0.398 -0.237 -0.118 -0.037  0.050  0.153  0.146  0.171  0.147  0.122  0.255  0.085  0.083  0.009 -0.035  0.006 -0.065 -0.160 -0.184 -0.135 -0.105 -0.139 -0.107 -0.102 -0.019  0.032  0.048  0.207  0.168  0.349  0.336  0.300  0.164  0.009 -0.180 -0.350 -0.468 -0.558 -0.558 -0.485 -0.408 -0.357 -0.454 -0.365 -0.436 -0.430 -0.265 -0.176 -0.086  0.033  0.122  0.074 
 0.847  0.930  1.000  0.806  0.524  0.385  0.380  0.291  0.032 -0.018  0.032  0.046 -0.119 -0.229 -0.223 -0.195 -0.179 -0.390 -0.108 -0.038 -0.415 -0.512 -0.535 -0.503 -0.372  0.072 -0.055  0.220  0.245 -0.024  0.068  0.184 -0.008 -0.118 -0.262 -0.219 -0.238 -0.224 -0.181 -0.114 -0.049  0.005  0.118  0.127  0.207  0.080  0.054  0.094  0.034 -0.113 -0.218 -0.327 -0.305 -0.324 -0.463 -0.481 -0.482 -0.592 -0.494 -0.424 -0.322 -0.348 -0.233 -0.162 -0.114  0.013 -0.073 -0.122 -0.247 -0.333 -0.391 -0.378 -0.430 -0.263 -0.188 -0.126 -0.005  0.112  0.126  0.162  0.165  0.179  0.284  0.151  0.102 -0.003 -0.054 -0.050 -0.118 -0.174 -0.190 -0.149 -0.099 -0.098 -0.064 -0.028  0.031  0.084  0.124  0.253  0.197  0.338  0.306  0.312  0.150  0.054 -0.145 -0.326 -0.432 -0.552 -0.553 -0.493 -0.433 -0.386 -0.477 -0.368 -0.438 -0.402 -0.190 -0.083  0.002  0.122  0.201  0.105 
 0.576  0.730  0.806  1.000  0.656  0.425  0.462  0.416  0.217  0.233  0.238  0.240  0.082 -0.025 -0.098 -0.200 -0.153 -0.377 -0.185 -0.246 -0.264 -0.415 -0.286 -0.280 -0.212 -0.052  0.007  0.061  0.065 -0.131 -0.075  0.019 -0.113 -0.239 -0.298 -0.310 -0.348 -0.350 -0.308 -0.255 -0.108  0.009  0.158  0.206  0.342  0.272  0.306  0.366  0.299  0.167  0.040 -0.038  0.003 -0.035 -0.214 -0.231 -0.260 -0.426 -0.348 -0.308 -0.299 -0.387 -0.328 -0.290 -0.240 -0.125 -0.202 -0.258 -0.352 -0.420 -0.444 -0.418 -0.391 -0.193 -0.019  0.015  0.156  0.306  0.380  0.405  0.373  0.361  0.334  0.106  0.106 -0.071 -0.033  0.034 -0.078 -0.214 -0.322 -0.342 -0.315 -0.306 -0.274 -0.204 -0.101  0.004  0.081  0.305  0.350  0.487  0.478  0.411  0.285  0.171 -0.105 -0.264 -0.413 -0.491 -0.481 -0.415 -0.358 -0.310 -0.371 -0.223 -0.245 -0.255 -0.115 -0.018 -0.043  0.090  0.225  0.106 
 0.185  0.325  0.524  0.656  1.000  0.858  0.754  0.767  0.643  0.498  0.318  0.390  0.232  0.086 -0.041  0.043 -0.055 -0.241 -0.258 -0.101  0.054 -0.020 -0.085 -0.224 -0.149  0.179  0.102 -0.099  0.177 -0.166 -0.416 -0.175 -0.138 -0.451 -0.437 -0.497 -0.550 -0.546 -0.495 -0.366 -0.237 -0.039  0.178  0.213  0.363  0.315  0.260  0.269  0.284  0.201  0.140 -0.014 -0.061 -0.040 -0.148 -0.292 -0.320 -0.363 -0.339 -0.464 -0.436 -0.417 -0.294 -0.175 -0.057  0.046 -0.012 -0.072 -0.169 -0.260 -0.282 -0.254 -0.348 -0.280 -0.254 -0.270 -0.107  0.009  0.172  0.236  0.234  0.348  0.363  0.289  0.248  0.026  0.094  0.111  0.076 -0.048 -0.301 -0.429 -0.392 -0.238 -0.175  0.010  0.101  0.263  0.368  0.430  0.330  0.236  0.162  0.131  0.001  0.087 -0.071 -0.119 -0.142 -0.166 -0.129 -0.120 -0.140 -0.115 -0.097  0.039  0.012  0.017  0.119  0.203  0.163  0.200  0.218  0.035 
 0.138  0.256  0.385  0.425  0.858  1.000  0.852  0.730  0.750  0.681  0.330  0.377  0.250  0.157 -0.027  0.097 -0.048 -0.269 -0.360 -0.174  0.168  0.140  0.060 -0.169 -0.190  0.150  0.154 -0.117  0.195 -0.153 -0.454 -0.195 -0.077 -0.461 -0.412 -0.493 -0.557 -0.548 -0.484 -0.372 -0.261 -0.039  0.158  0.161  0.293  0.249  0.193  0.215  0.230  0.162  0.134 -0.015 -0.076 -0.051 -0.135 -0.258 -0.265 -0.287 -0.279 -0.420 -0.411 -0.358 -0.241 -0.117 -0.010  0.070  0.028 -0.022 -0.103 -0.178 -0.203 -0.181 -0.283 -0.246 -0.248 -0.259 -0.136 -0.048  0.102  0.160  0.129  0.240  0.306  0.249  0.230  0.042  0.117  0.136  0.145  0.011 -0.289 -0.433 -0.414 -0.256 -0.187  0.007  0.088  0.277  0.375  0.404  0.261  0.153  0.068  0.018 -0.065  0.030 -0.068 -0.104 -0.095 -0.096 -0.070 -0.071 -0.084 -0.063 -0.017  0.053  0.014  0.000  0.093  0.169  0.156  0.165  0.144  0.018 
 0.187  0.291  0.380  0.462  0.754  0.852  1.000  0.840  0.604  0.675  0.414  0.378  0.138  0.036 -0.139  0.037 -0.088 -0.375 -0.407 -0.239  0.199  0.191  0.112 -0.176 -0.266  0.148  0.161 -0.065  0.229 -0.108 -0.384 -0.110 -0.002 -0.401 -0.365 -0.462 -0.514 -0.494 -0.413 -0.288 -0.190  0.053  0.227  0.215  0.314  0.199  0.163  0.200  0.233  0.188  0.153  0.052 -0.001 -0.021 -0.071 -0.140 -0.214 -0.257 -0.222 -0.367 -0.411 -0.400 -0.381 -0.299 -0.222 -0.148 -0.170 -0.215 -0.268 -0.309 -0.306 -0.329 -0.369 -0.325 -0.230 -0.190 -0.047 -0.012  0.105  0.147  0.085  0.200  0.297  0.278  0.317  0.144  0.169  0.184  0.210  0.103 -0.205 -0.357 -0.348 -0.190 -0.115  0.068  0.183  0.352  0.429  0.433  0.264  0.153  0.054  0.003 -0.078 -0.085 -0.230 -0.228 -0.227 -0.153 -0.100 -0.051 -0.015  0.042  0.053  0.137  0.041 -0.038 -0.049  0.000 -0.072 -0.059 -0.030 -0.106 
 0.029  0.145  0.291  0.416  0.767  0.730  0.840  1.000  0.708  0.570  0.569  0.551  0.322  0.156  0.002  0.138  0.031 -0.122 -0.212 -0.029  0.155  0.147  0.024 -0.167 -0.165  0.188  0.044 -0.195  0.122 -0.158 -0.468 -0.239 -0.126 -0.412 -0.344 -0.460 -0.502 -0.496 -0.449 -0.318 -0.198  0.027  0.223  0.259  0.408  0.375  0.287  0.267  0.297  0.263  0.246  0.096  0.032  0.057 -0.002 -0.151 -0.238 -0.256 -0.244 -0.435 -0.447 -0.441 -0.387 -0.289 -0.181 -0.096 -0.118 -0.183 -0.232 -0.306 -0.281 -0.300 -0.380 -0.368 -0.322 -0.333 -0.139 -0.080  0.113  0.189  0.199  0.344  0.349  0.339  0.314  0.104  0.132  0.131  0.150  0.051 -0.231 -0.390 -0.365 -0.184 -0.112  0.085  0.179  0.335  0.442  0.423  0.325  0.153  0.041 -0.021 -0.155 -0.050 -0.177 -0.135 -0.109 -0.047  0.021  0.048  0.021  0.051  0.073  0.211  0.194  0.178  0.146  0.165  0.064  0.057  0.054 -0.103 
-0.185 -0.040  0.032  0.217  0.643  0.750  0.604  0.708  1.000  0.819  0.517  0.533  0.502  0.444  0.207  0.182  0.044 -0.076 -0.347 -0.231  0.260  0.217  0.246  0.073  0.006  0.039  0.176 -0.292 -0.025 -0.226 -0.551 -0.391 -0.205 -0.501 -0.344 -0.475 -0.552 -0.555 -0.504 -0.427 -0.261 -0.001  0.177  0.202  0.366  0.421  0.375  0.381  0.380  0.356  0.372  0.214  0.155  0.208  0.115 -0.064 -0.076 -0.074 -0.110 -0.310 -0.368 -0.313 -0.212 -0.107  0.003  0.053  0.041 -0.010 -0.043 -0.108 -0.085 -0.079 -0.176 -0.200 -0.196 -0.271 -0.160 -0.039  0.203  0.285  0.276  0.367  0.328  0.209  0.201 -0.001  0.129  0.162  0.169 -0.045 -0.366 -0.550 -0.560 -0.406 -0.336 -0.140 -0.048  0.169  0.292  0.344  0.312  0.177  0.103 -0.054 -0.122  0.049  0.000  0.048  0.075  0.116  0.155  0.132  0.056  0.041  0.127  0.218  0.280  0.291  0.287  0.298  0.221  0.188  0.133 -0.008 
-0.155 -0.010 -0.018  0.233  0.498  0.681  0.675  0.570  0.819  1.000  0.591  0.521  0.453  0.445  0.162  0.089 -0.021 -0.222 -0.483 -0.485  0.329  0.274  0.428  0.174 -0.020 -0.107  0.235 -0.251 -0.066 -0.178 -0.442 -0.313 -0.091 -0.405 -0.238 -0.410 -0.498 -0.507 -0.441 -0.408 -0.228  0.052  0.203  0.207  0.328  0.368  0.396  0.446  0.429  0.418  0.421  0.327  0.287  0.310  0.214  0.127  0.098  0.038  0.015 -0.128 -0.264 -0.264 -0.260 -0.215 -0.153 -0.125 -0.124 -0.160 -0.165 -0.178 -0.149 -0.154 -0.146 -0.126 -0.008 -0.039  0.051  0.135  0.314  0.352  0.270  0.294  0.251  0.096  0.173  0.003  0.155  0.217  0.211 -0.028 -0.374 -0.552 -0.595 -0.494 -0.434 -0.268 -0.139  0.091  0.185  0.282  0.282  0.225  0.183 -0.012 -0.003  0.032 -0.059 -0.018 -0.046  0.031  0.057  0.079  0.076  0.095  0.152  0.212  0.233  0.144  0.124  0.131  0.011 -0.004 -0.003 -0.047 
-0.147 -0.033  0.032  0.238  0.318  0.330  0.414  0.569  0.517  0.591  1.000  0.786  0.623  0.491  0.316  0.206  0.186  0.169 -0.012 -0.072  0.064  0.029  0.120  0.059  0.049 -0.079 -0.135 -0.337 -0.238 -0.084 -0.254 -0.291 -0.108 -0.077  0.072 -0.136 -0.183 -0.245 -0.259 -0.248 -0.061  0.078  0.219  0.333  0.470  0.614  0.588  0.538  0.458  0.435  0.403  0.284  0.239  0.278  0.137  0.037 -0.035 -0.141 -0.134 -0.219 -0.252 -0.357 -0.349 -0.326 -0.256 -0.187 -0.200 -0.265 -0.286 -0.337 -0.318 -0.302 -0.273 -0.179 -0.050 -0.086  0.090  0.190  0.361  0.430  0.447  0.466  0.263  0.143  0.127 -0.073 -0.001 -0.002 -0.050 -0.201 -0.326 -0.379 -0.381 -0.357 -0.328 -0.234 -0.145 -0.027  0.088  0.181  0.341  0.298  0.256  0.098  0.040  0.086 -0.088 -0.086 -0.134 -0.139 -0.092 -0.054 -0.064 -0.061 -0.073 -0.000  0.075  0.103  0.135  0.118 -0.028  0.001  0.068 -0.033 
-0.155 -0.043  0.046  0.240  0.390  0.377  0.378  0.551  0.533  0.521  0.786  1.000  0.828  0.639  0.408  0.275  0.276  0.263  0.066  0.015  0.179  0.097  0.165  0.060  0.098 -0.064 -0.198 -0.432 -0.281 -0.201 -0.390 -0.405 -0.238 -0.210 -0.042 -0.222 -0.268 -0.331 -0.342 -0.317 -0.108  0.043  0.240  0.387  0.567  0.769  0.755  0.635  0.515  0.465  0.445  0.278  0.213  0.287  0.139 -0.025 -0.108 -0.187 -0.192 -0.301 -0.321 -0.408 -0.372 -0.318 -0.217 -0.136 -0.164 -0.237 -0.269 -0.342 -0.301 -0.288 -0.298 -0.221 -0.115 -0.158  0.027  0.162  0.418  0.522  0.563  0.606  0.353  0.205  0.143 -0.089 -0.006  0.006 -0.029 -0.178 -0.363 -0.454 -0.449 -0.376 -0.343 -0.200 -0.137  0.005  0.160  0.242  0.427  0.337  0.291  0.106  0.019  0.118 -0.065 -0.067 -0.094 -0.115 -0.060 -0.014 -0.029 -0.030 -0.080  0.000  0.087  0.137  0.216  0.196  0.060  0.084  0.126 -0.058 
-0.291 -0.188 -0.119  0.082  0.232  0.250  0.138  0.322  0.502  0.453  0.623  0.828  1.000  0.858  0.584  0.359  0.359  0.430  0.141  0.019  0.216  0.133  0.249  0.221  0.252 -0.157 -0.173 -0.501 -0.411 -0.239 -0.411 -0.503 -0.310 -0.206  0.009 -0.158 -0.201 -0.258 -0.288 -0.326 -0.124 -0.018  0.128  0.259  0.438  0.729  0.757  0.678  0.545  0.498  0.498  0.346  0.295  0.392  0.243  0.082  0.034 -0.045 -0.075 -0.183 -0.236 -0.283 -0.236 -0.177 -0.080 -0.018 -0.039 -0.115 -0.128 -0.197 -0.159 -0.133 -0.153 -0.102 -0.011 -0.093  0.042  0.204  0.458  0.543  0.568  0.556  0.213  0.044 -0.004 -0.194 -0.047 -0.032 -0.066 -0.216 -0.356 -0.455 -0.478 -0.433 -0.422 -0.312 -0.302 -0.178 -0.041  0.073  0.334  0.273  0.296  0.079  0.042  0.180  0.050  0.056  0.031 -0.024 -0.024 -0.003 -0.025 -0.045 -0.052 -0.019  0.120  0.167  0.285  0.262  0.143  0.147  0.157 -0.006 
-0.337 -0.242 -0.229 -0.025  0.086  0.157  0.036  0.156  0.444  0.445  0.491  0.639  0.858  1.000  0.746  0.477  0.441  0.465  0.092 -0.067  0.291  0.196  0.368  0.310  0.289 -0.225 -0.127 -0.529 -0.471 -0.271 -0.429 -0.559 -0.348 -0.227  0.022 -0.132 -0.169 -0.213 -0.240 -0.300 -0.105 -0.002  0.102  0.197  0.337  0.607  0.653  0.620  0.510  0.480  0.485  0.372  0.338  0.425  0.298  0.168  0.136  0.064  0.030 -0.069 -0.160 -0.191 -0.176 -0.132 -0.061 -0.030 -0.034 -0.088 -0.078 -0.120 -0.082 -0.067 -0.072 -0.049  0.059 -0.015  0.057  0.217  0.437  0.486  0.481  0.452  0.139 -0.036 -0.044 -0.176 -0.002  0.034  0.012 -0.155 -0.307 -0.431 -0.485 -0.447 -0.443 -0.349 -0.353 -0.239 -0.130 -0.020  0.244  0.185  0.244  0.004  0.026  0.139  0.059  0.079  0.063  0.036  0.024  0.031  0.007 -0.020  0.001  0.014  0.152  0.160  0.242  0.218  0.111  0.102  0.107 -0.004 
-0.287 -0.246 -0.223 -0.098 -0.041 -0.027 -0.139  0.002  0.207  0.162  0.316  0.408  0.584  0.746  1.000  0.673  0.569  0.553  0.223  0.072  0.121  0.070  0.174  0.189  0.266 -0.144 -0.200 -0.393 -0.383 -0.158 -0.234 -0.400 -0.256 -0.053  0.101 -0.025 -0.008 -0.043 -0.094 -0.148 -0.023 -0.039  0.012  0.108  0.215  0.426  0.441  0.383  0.296  0.278  0.253  0.189  0.177  0.253  0.139  0.069  0.085  0.044  0.040 -0.038 -0.088 -0.076 -0.058 -0.022  0.035  0.058  0.064  0.028  0.029 -0.019 -0.001  0.029 -0.003 -0.005  0.038 -0.037 -0.018  0.124  0.249  0.298  0.285  0.269  0.051 -0.053 -0.100 -0.172 -0.120 -0.124 -0.130 -0.168 -0.178 -0.228 -0.255 -0.248 -0.256 -0.217 -0.275 -0.252 -0.172 -0.118  0.096  0.073  0.141 -0.003  0.012  0.121  0.101  0.107  0.109  0.043 -0.015 -0.056 -0.124 -0.168 -0.092 -0.044  0.100  0.129  0.225  0.195  0.117  0.108  0.123  0.030 
-0.278 -0.272 -0.195 -0.200  0.043  0.097  0.037  0.138  0.182  0.089  0.206  0.275  0.359  0.477  0.673  1.000  0.769  0.546  0.315  0.369  0.276  0.322  0.165  0.090  0.129  0.018 -0.207 -0.330 -0.195 -0.151 -0.304 -0.336 -0.178 -0.101 -0.008 -0.101 -0.037 -0.022 -0.058 -0.071 -0.043 -0.043 -0.010  0.028  0.087  0.201  0.125  0.078  0.029  0.053  0.060 -0.016 -0.049  0.014 -0.021 -0.090 -0.080 -0.051 -0.083 -0.182 -0.195 -0.094 -0.052  0.030  0.078  0.101  0.143  0.107  0.110  0.062  0.054  0.027 -0.094 -0.166 -0.211 -0.258 -0.187 -0.148 -0.076 -0.024 -0.010  0.069 -0.028  0.036 -0.006 -0.035 -0.022 -0.102 -0.022  0.026 -0.020 -0.102 -0.114 -0.029 -0.025  0.045 -0.022  0.006  0.066 -0.032 -0.009 -0.163 -0.202 -0.210 -0.214 -0.071 -0.049 -0.011  0.093  0.088  0.095  0.073  0.054  0.025  0.111  0.040  0.032  0.087  0.108  0.069  0.066  0.033  0.019 -0.029 
-0.255 -0.235 -0.179 -0.153 -0.055 -0.048 -0.088  0.031  0.044 -0.021  0.186  0.276  0.359  0.441  0.569  0.769  1.000  0.726  0.603  0.501  0.280  0.289  0.185  0.149  0.216 -0.066 -0.313 -0.357 -0.318 -0.199 -0.239 -0.332 -0.240 -0.055  0.047 -0.001  0.055  0.062  0.014 -0.023  0.027 -0.013  0.006  0.074  0.136  0.218  0.217  0.172  0.065  0.065  0.056 -0.010 -0.034  0.001 -0.026 -0.097 -0.137 -0.104 -0.130 -0.197 -0.182 -0.158 -0.130 -0.072 -0.038 -0.006  0.035 -0.009  0.004 -0.043 -0.021 -0.080 -0.168 -0.185 -0.213 -0.229 -0.130 -0.079  0.022  0.085  0.101  0.148 -0.032 -0.007 -0.037 -0.074 -0.063 -0.102 -0.093 -0.053 -0.027 -0.072 -0.089 -0.057 -0.064 -0.026 -0.075 -0.071 -0.001 -0.022  0.113  0.005 -0.055 -0.106 -0.155 -0.075 -0.107 -0.084  0.000 -0.011  0.026  0.070  0.089  0.068  0.050 -0.054 -0.058  0.005  0.040 -0.037 -0.031 -0.029 -0.007 -0.045 
-0.445 -0.475 -0.390 -0.377 -0.241 -0.269 -0.375 -0.122 -0.076 -0.222  0.169  0.263  0.430  0.465  0.553  0.546  0.726  1.000  0.781  0.628  0.254  0.262  0.156  0.217  0.373 -0.040 -0.443 -0.470 -0.452 -0.157 -0.207 -0.400 -0.275  0.098  0.248  0.204  0.247  0.210  0.108  0.054  0.061 -0.076 -0.074  0.026  0.046  0.266  0.259  0.136  0.052  0.088  0.124  0.065  0.018  0.110  0.106  0.016 -0.010  0.045 -0.002 -0.043  0.032  0.008  0.028  0.049  0.082  0.082  0.100  0.078  0.105  0.071  0.079  0.088  0.038 -0.005 -0.100 -0.155 -0.117 -0.079  0.011  0.064  0.151  0.154 -0.114 -0.022 -0.125 -0.148 -0.165 -0.207 -0.173 -0.064  0.072  0.078  0.074  0.076  0.035  0.029 -0.099 -0.174 -0.128 -0.199  0.044 -0.097 -0.104 -0.144 -0.141  0.017  0.065  0.100  0.186  0.129  0.134  0.128  0.081  0.028  0.013 -0.062  0.035  0.141  0.192  0.112  0.095  0.065  0.044 -0.008 
-0.134 -0.188 -0.108 -0.185 -0.258 -0.360 -0.407 -0.212 -0.347 -0.483 -0.012  0.066  0.141  0.092  0.223  0.315  0.603  0.781  1.000  0.782  0.064  0.058 -0.100  0.053  0.282 -0.015 -0.466 -0.192 -0.276 -0.029  0.097 -0.068 -0.097  0.276  0.265  0.298  0.368  0.349  0.257  0.195  0.157 -0.050 -0.080  0.022  0.013  0.088  0.104 -0.000 -0.109 -0.124 -0.132 -0.171 -0.192 -0.168 -0.157 -0.191 -0.222 -0.181 -0.211 -0.127  0.016 -0.030  0.012  0.026  0.035  0.065  0.061  0.048  0.032 -0.003 -0.042 -0.041 -0.087 -0.054 -0.146 -0.143 -0.071 -0.061 -0.049  0.000  0.089  0.062 -0.172 -0.086 -0.162 -0.146 -0.242 -0.298 -0.295 -0.149  0.112  0.226  0.247  0.175  0.134  0.062 -0.047 -0.176 -0.154 -0.187  0.034  0.001 -0.027  0.042 -0.046 -0.012 -0.031 -0.081 -0.038 -0.124 -0.092 -0.029 -0.007 -0.039 -0.166 -0.258 -0.246 -0.110 -0.013 -0.094 -0.016  0.010  0.038  0.022 
-0.105 -0.177 -0.038 -0.246 -0.101 -0.174 -0.239 -0.029 -0.231 -0.485 -0.072  0.015  0.019 -0.067  0.072  0.369  0.501  0.628  0.782  1.000  0.141  0.190 -0.204 -0.121  0.154  0.258 -0.402 -0.074  0.004  0.001  0.006 -0.005 -0.035  0.152  0.082  0.137  0.219  0.217  0.141  0.167  0.072 -0.094 -0.086 -0.017 -0.018  0.025 -0.097 -0.238 -0.279 -0.286 -0.257 -0.334 -0.390 -0.343 -0.298 -0.377 -0.382 -0.248 -0.272 -0.289 -0.095 -0.037  0.055  0.128  0.163  0.192  0.207  0.185  0.169  0.108  0.081  0.050 -0.110 -0.182 -0.400 -0.410 -0.330 -0.368 -0.335 -0.255 -0.114  0.009 -0.060  0.148 -0.023 -0.022 -0.156 -0.267 -0.198  0.004  0.158  0.243  0.317  0.355  0.338  0.334  0.234  0.136  0.174  0.002 -0.018 -0.174 -0.298 -0.169 -0.284 -0.129 -0.057 -0.051  0.083  0.026  0.084  0.088  0.047  0.008 -0.038 -0.127 -0.166  0.009  0.052 -0.005  0.100  0.083  0.034 -0.031 
-0.428 -0.426 -0.415 -0.264  0.054  0.168  0.199  0.155  0.260  0.329  0.064  0.179  0.216  0.291  0.121  0.276  0.280  0.254  0.064  0.141  1.000  0.859  0.762  0.415  0.294 -0.026  0.012 -0.401 -0.248 -0.198 -0.427 -0.411 -0.186 -0.265 -0.073 -0.136 -0.155 -0.134 -0.107 -0.081 -0.046  0.089  0.120  0.097  0.062  0.055  0.131  0.092  0.112  0.194  0.255  0.260  0.200  0.175  0.258  0.204  0.101  0.190  0.095 -0.048 -0.145 -0.121 -0.193 -0.168 -0.148 -0.184 -0.106 -0.111 -0.033 -0.003  0.055 -0.032 -0.056 -0.152 -0.134 -0.106 -0.062 -0.114 -0.022  0.003 -0.033  0.025 -0.006  0.075  0.147  0.137  0.211  0.178  0.288  0.250  0.016 -0.152 -0.203 -0.077 -0.044  0.074  0.105  0.202  0.226  0.102  0.052 -0.147 -0.205 -0.293 -0.233 -0.207 -0.189 -0.043  0.078  0.232  0.310  0.371  0.388  0.380  0.365  0.270  0.223  0.177  0.038 -0.060 -0.154 -0.218 -0.239 -0.243 
-0.511 -0.529 -0.512 -0.415 -0.020  0.140  0.191  0.147  0.217  0.274  0.029  0.097  0.133  0.196  0.070  0.322  0.289  0.262  0.058  0.190  0.859  1.000  0.795  0.521  0.348  0.093  0.103 -0.320 -0.170 -0.118 -0.390 -0.355 -0.117 -0.233 -0.059 -0.129 -0.131 -0.092 -0.062 -0.032 -0.068  0.059  0.057 -0.013 -0.071 -0.081 -0.061 -0.083 -0.048  0.070  0.153  0.178  0.103  0.086  0.214  0.195  0.107  0.252  0.151 -0.011 -0.105 -0.036 -0.113 -0.075 -0.072 -0.127 -0.025 -0.013  0.079  0.116  0.168  0.052 -0.006 -0.165 -0.210 -0.177 -0.144 -0.265 -0.214 -0.204 -0.233 -0.127 -0.146  0.084  0.173  0.203  0.225  0.163  0.304  0.332  0.118 -0.055 -0.101  0.053  0.082  0.193  0.226  0.312  0.297  0.060 -0.080 -0.327 -0.405 -0.447 -0.371 -0.312 -0.217 -0.031  0.148  0.343  0.419  0.454  0.474  0.474  0.509  0.355  0.257  0.182 -0.013 -0.118 -0.167 -0.276 -0.334 -0.264 
-0.493 -0.467 -0.535 -0.286 -0.085  0.060  0.112  0.024  0.246  0.428  0.120  0.165  0.249  0.368  0.174  0.165  0.185  0.156 -0.100 -0.204  0.762  0.795  1.000  0.745  0.438 -0.144  0.205 -0.412 -0.417 -0.135 -0.326 -0.441 -0.193 -0.197  0.061 -0.042 -0.096 -0.091 -0.045 -0.067  0.007  0.188  0.174  0.117  0.034  0.043  0.172  0.193  0.186  0.300  0.350  0.422  0.381  0.329  0.402  0.417  0.295  0.340  0.256  0.150 -0.042 -0.076 -0.221 -0.244 -0.260 -0.311 -0.228 -0.212 -0.116 -0.050  0.017 -0.076 -0.019 -0.087  0.039  0.089  0.098  0.046  0.112  0.094  0.020  0.004 -0.068 -0.016  0.167  0.193  0.284  0.272  0.325  0.230  0.006 -0.183 -0.285 -0.213 -0.181 -0.103  0.017  0.121  0.086 -0.021  0.004 -0.119 -0.100 -0.254 -0.145 -0.215 -0.228 -0.077  0.011  0.217  0.281  0.356  0.413  0.424  0.412  0.304  0.260  0.129 -0.075 -0.182 -0.294 -0.357 -0.334 -0.260 
-0.475 -0.439 -0.503 -0.280 -0.224 -0.169 -0.176 -0.167  0.073  0.174  0.059  0.060  0.221  0.310  0.189  0.090  0.149  0.217  0.053 -0.121  0.415  0.521  0.745  1.000  0.791 -0.026  0.400 -0.222 -0.399  0.038 -0.078 -0.302 -0.138 -0.025  0.152  0.021 -0.025 -0.036 -0.014 -0.093 -0.003  0.085  0.051  0.011 -0.045  0.064  0.118  0.165  0.115  0.204  0.254  0.335  0.310  0.284  0.328  0.354  0.294  0.335  0.283  0.223  0.046  0.018 -0.052 -0.070 -0.102 -0.131 -0.072 -0.062  0.011  0.044  0.074  0.018  0.061  0.007  0.080  0.083  0.090  0.068  0.116  0.095  0.072  0.045 -0.149 -0.117  0.013  0.022  0.118  0.131  0.089 -0.019 -0.105 -0.215 -0.298 -0.306 -0.292 -0.264 -0.102 -0.044 -0.095 -0.173 -0.063 -0.096 -0.022 -0.103 -0.057 -0.090 -0.087  0.006  0.052  0.176  0.205  0.256  0.302  0.295  0.294  0.158  0.170  0.094 -0.053 -0.141 -0.161 -0.207 -0.188 -0.121 
-0.403 -0.387 -0.372 -0.212 -0.149 -0.190 -0.266 -0.165  0.006 -0.020  0.049  0.098  0.252  0.289  0.266  0.129  0.216  0.373  0.282  0.154  0.294  0.348  0.438  0.791  1.000  0.240  0.298 -0.108 -0.239  0.107 -0.007 -0.198 -0.109  0.029  0.112 -0.000 -0.027 -0.055 -0.077 -0.130 -0.047 -0.050 -0.020  0.018  0.019  0.168  0.158  0.138  0.056  0.094  0.136  0.146  0.111  0.125  0.130  0.100  0.081  0.139  0.112  0.051 -0.018 -0.019  0.012  0.039  0.050  0.055  0.087  0.075  0.107  0.084  0.084  0.070  0.040 -0.003 -0.035 -0.071 -0.048 -0.017  0.056  0.094  0.141  0.168 -0.068 -0.001 -0.034 -0.109 -0.046 -0.047 -0.117 -0.166 -0.175 -0.210 -0.229 -0.232 -0.224 -0.182 -0.061 -0.061 -0.046 -0.099  0.028 -0.033  0.001 -0.022 -0.049  0.014  0.022  0.063  0.110  0.121  0.143  0.159  0.148  0.111  0.111  0.004  0.064  0.113  0.090  0.016  0.026  0.001 -0.005 -0.047 
 0.004 -0.019  0.072 -0.052  0.179  0.150  0.148  0.188  0.039 -0.107 -0.079 -0.064 -0.157 -0.225 -0.144  0.018 -0.066 -0.040 -0.015  0.258 -0.026  0.093 -0.144 -0.026  0.240  1.000  0.466  0.408  0.606  0.390  0.080  0.227  0.195 -0.042 -0.154 -0.200 -0.223 -0.210 -0.182 -0.026 -0.031 -0.019  0.114  0.118  0.091 -0.044 -0.228 -0.247 -0.214 -0.196 -0.170 -0.209 -0.284 -0.297 -0.257 -0.314 -0.328 -0.207 -0.136 -0.271 -0.187 -0.103 -0.039  0.031  0.064  0.090  0.098  0.099  0.075  0.035  0.023 -0.021 -0.158 -0.267 -0.398 -0.376 -0.353 -0.397 -0.357 -0.259 -0.159  0.041  0.264  0.576  0.388  0.215  0.021  0.031 -0.018  0.133  0.072  0.019  0.081  0.235  0.289  0.400  0.559  0.481  0.512  0.286  0.042 -0.181 -0.306 -0.232 -0.342 -0.232 -0.151 -0.099  0.032  0.060  0.102  0.057 -0.011 -0.018  0.049  0.094 -0.006  0.057  0.012  0.010  0.045 -0.009 -0.085 -0.142 
-0.040  0.006 -0.055  0.007  0.102  0.154  0.161  0.044  0.176  0.235 -0.135 -0.198 -0.173 -0.127 -0.200 -0.207 -0.313 -0.443 -0.466 -0.402  0.012  0.103  0.205  0.400  0.298  0.466  1.000  0.412  0.386  0.379  0.113  0.165  0.200 -0.121 -0.131 -0.233 -0.318 -0.282 -0.180 -0.149 -0.071  0.053  0.079 -0.019 -0.055 -0.165 -0.237 -0.082 -0.031 -0.002  0.018  0.082  0.072  0.014  0.052  0.094  0.107  0.135  0.176  0.078 -0.064  0.005  0.009  0.026  0.007  0.004  0.017  0.037  0.035  0.053  0.050  0.011 -0.001 -0.060 -0.020  0.001 -0.016 -0.052 -0.068 -0.092 -0.143 -0.086  0.064  0.135  0.210  0.133  0.129  0.232  0.114  0.046 -0.102 -0.224 -0.269 -0.214 -0.156 -0.090  0.149  0.179  0.124  0.060 -0.114 -0.115 -0.066 -0.058 -0.080 -0.133 -0.084 -0.027 -0.017  0.082  0.060  0.059  0.077  0.102  0.185  0.170  0.107 -0.014 -0.116 -0.088 -0.040 -0.083 -0.126 -0.062 
 0.314  0.259  0.220  0.061 -0.099 -0.117 -0.065 -0.195 -0.292 -0.251 -0.337 -0.432 -0.501 -0.529 -0.393 -0.330 -0.357 -0.470 -0.192 -0.074 -0.401 -0.320 -0.412 -0.222 -0.108  0.408  0.412  1.000  0.811  0.481  0.677  0.838  0.612  0.335 -0.045 -0.043  0.007  0.002 -0.021 -0.050 -0.136 -0.222 -0.235 -0.223 -0.255 -0.378 -0.450 -0.390 -0.381 -0.414 -0.420 -0.381 -0.341 -0.364 -0.333 -0.253 -0.138 -0.099 -0.074  0.075  0.174  0.283  0.320  0.302  0.243  0.216  0.199  0.241  0.217  0.237  0.209  0.211  0.177  0.148  0.014  0.026 -0.108 -0.167 -0.328 -0.318 -0.301 -0.292 -0.073  0.027 -0.082 -0.075 -0.112 -0.071 -0.209 -0.143 -0.064  0.061  0.154  0.117  0.079  0.019  0.113  0.063  0.035 -0.036 -0.185 -0.089 -0.147  0.068  0.058  0.029  0.143  0.088  0.050 -0.038 -0.117 -0.205 -0.229 -0.219 -0.161 -0.077 -0.134 -0.105 -0.034  0.010  0.113  0.100  0.034  0.112 
 0.256  0.214  0.245  0.065  0.177  0.195  0.229  0.122 -0.025 -0.066 -0.238 -0.281 -0.411 -0.471 -0.383 -0.195 -0.318 -0.452 -0.276  0.004 -0.248 -0.170 -0.417 -0.399 -0.239  0.606  0.386  0.811  1.000  0.463  0.359  0.696  0.563  0.094 -0.231 -0.235 -0.209 -0.190 -0.190 -0.112 -0.191 -0.238 -0.161 -0.147 -0.123 -0.274 -0.422 -0.395 -0.333 -0.373 -0.365 -0.397 -0.394 -0.395 -0.358 -0.352 -0.245 -0.165 -0.127 -0.124 -0.010  0.146  0.224  0.267  0.268  0.253  0.234  0.262  0.223  0.217  0.190  0.193  0.084  0.001 -0.177 -0.179 -0.258 -0.315 -0.394 -0.357 -0.332 -0.206  0.063  0.229  0.069 -0.014 -0.081 -0.025 -0.097  0.002 -0.035  0.024  0.133  0.207  0.203  0.232  0.280  0.248  0.275  0.187 -0.082 -0.146 -0.259 -0.063 -0.116 -0.035  0.100  0.089  0.120  0.069  0.018 -0.086 -0.153 -0.145 -0.033  0.062 -0.023  0.006  0.072  0.130  0.205  0.162  0.048  0.043 
 0.036 -0.011 -0.024 -0.131 -0.166 -0.153 -0.108 -0.158 -0.226 -0.178 -0.084 -0.201 -0.239 -0.271 -0.158 -0.151 -0.199 -0.157 -0.029  0.001 -0.198 -0.118 -0.135  0.038  0.107  0.390  0.379  0.481  0.463  1.000  0.671  0.534  0.612  0.542  0.442  0.244  0.188  0.143  0.153  0.144  0.166  0.080  0.027  0.033 -0.068 -0.141 -0.213 -0.182 -0.190 -0.174 -0.207 -0.138 -0.131 -0.201 -0.179 -0.101 -0.109 -0.108 -0.051  0.012  0.044  0.042  0.030  0.015 -0.023 -0.012 -0.016  0.010 -0.009  0.012 -0.045 -0.058 -0.050 -0.037 -0.044  0.043  0.022 -0.010 -0.146 -0.166 -0.160 -0.161 -0.092  0.043  0.041  0.027 -0.065 -0.017 -0.155 -0.065  0.065  0.149  0.150  0.064  0.064 -0.017  0.070 -0.034 -0.073 -0.149 -0.166 -0.121 -0.053  0.045 -0.002 -0.127 -0.090 -0.120 -0.115 -0.123 -0.144 -0.153 -0.144 -0.128 -0.128 -0.116 -0.193 -0.213 -0.204 -0.203 -0.127 -0.129 -0.120 -0.039 
 0.219  0.138  0.068 -0.075 -0.416 -0.454 -0.384 -0.468 -0.551 -0.442 -0.254 -0.390 -0.411 -0.429 -0.234 -0.304 -0.239 -0.207  0.097  0.006 -0.427 -0.390 -0.326 -0.078 -0.007  0.080  0.113  0.677  0.359  0.671  1.000  0.826  0.682  0.780  0.472  0.404  0.422  0.351  0.300  0.195  0.139 -0.039 -0.162 -0.119 -0.247 -0.299 -0.285 -0.266 -0.316 -0.317 -0.360 -0.256 -0.193 -0.245 -0.234 -0.099 -0.047 -0.076 -0.050  0.210  0.296  0.281  0.245  0.169  0.071  0.051  0.032  0.084  0.071  0.121  0.064  0.075  0.137  0.198  0.167  0.232  0.115  0.066 -0.151 -0.182 -0.167 -0.284 -0.231 -0.199 -0.210 -0.113 -0.151 -0.137 -0.301 -0.231  0.033  0.251  0.288  0.085  0.026 -0.160 -0.101 -0.229 -0.298 -0.323 -0.247 -0.044  0.026  0.201  0.203  0.026  0.066 -0.023 -0.100 -0.206 -0.274 -0.305 -0.274 -0.266 -0.313 -0.277 -0.302 -0.267 -0.197 -0.208 -0.109 -0.078 -0.050  0.081 
 0.287  0.213  0.184  0.019 -0.175 -0.195 -0.110 -0.239 -0.391 -0.313 -0.291 -0.405 -0.503 -0.559 -0.400 -0.336 -0.332 -0.400 -0.068 -0.005 -0.411 -0.355 -0.441 -0.302 -0.198  0.227  0.165  0.838  0.696  0.534  0.826  1.000  0.824  0.602  0.175  0.151  0.195  0.142  0.089  0.043 -0.069 -0.224 -0.273 -0.219 -0.273 -0.364 -0.411 -0.396 -0.406 -0.432 -0.455 -0.408 -0.352 -0.372 -0.342 -0.243 -0.135 -0.112 -0.096  0.110  0.244  0.325  0.334  0.299  0.225  0.191  0.172  0.226  0.202  0.240  0.189  0.204  0.197  0.197  0.067  0.096 -0.040 -0.115 -0.303 -0.304 -0.289 -0.324 -0.182 -0.104 -0.188 -0.141 -0.167 -0.139 -0.266 -0.189 -0.032  0.176  0.279  0.173  0.113 -0.007  0.032 -0.052 -0.081 -0.117 -0.189 -0.074 -0.106  0.139  0.121  0.050  0.153  0.082  0.032 -0.090 -0.172 -0.248 -0.254 -0.244 -0.231 -0.155 -0.199 -0.156 -0.050 -0.040  0.060  0.061  0.016  0.109 
 0.067  0.007 -0.008 -0.113 -0.138 -0.077 -0.002 -0.126 -0.205 -0.091 -0.108 -0.238 -0.310 -0.348 -0.256 -0.178 -0.240 -0.275 -0.097 -0.035 -0.186 -0.117 -0.193 -0.138 -0.109  0.195  0.200  0.612  0.563  0.612  0.682  0.824  1.000  0.702  0.407  0.215  0.201  0.121  0.076  0.012 -0.056 -0.166 -0.198 -0.136 -0.199 -0.242 -0.302 -0.283 -0.297 -0.285 -0.306 -0.268 -0.235 -0.254 -0.228 -0.143 -0.077 -0.057 -0.045  0.093  0.172  0.240  0.228  0.212  0.156  0.123  0.118  0.163  0.155  0.198  0.152  0.154  0.143  0.130  0.032  0.076 -0.023 -0.092 -0.246 -0.249 -0.258 -0.286 -0.209 -0.108 -0.141 -0.119 -0.114 -0.070 -0.203 -0.148 -0.057  0.099  0.167  0.070  0.024 -0.075 -0.015 -0.068 -0.092 -0.150 -0.190 -0.134 -0.130  0.057  0.042 -0.023  0.087  0.062  0.036 -0.044 -0.120 -0.188 -0.188 -0.165 -0.133 -0.079 -0.132 -0.138 -0.044 -0.070  0.010 -0.017 -0.063  0.040 
 0.001 -0.098 -0.118 -0.239 -0.451 -0.461 -0.401 -0.412 -0.501 -0.405 -0.077 -0.210 -0.206 -0.227 -0.053 -0.101 -0.055  0.098  0.276  0.152 -0.265 -0.233 -0.197 -0.025  0.029 -0.042 -0.121  0.335  0.094  0.542  0.780  0.602  0.702  1.000  0.771  0.610  0.598  0.490  0.417  0.302  0.255  0.030 -0.105 -0.028 -0.178 -0.148 -0.137 -0.174 -0.225 -0.186 -0.238 -0.145 -0.099 -0.143 -0.142 -0.015 -0.005 -0.047 -0.030  0.201  0.285  0.219  0.157  0.081 -0.001 -0.019 -0.032  0.011  0.008  0.060  0.005  0.022  0.102  0.173  0.162  0.237  0.148  0.100 -0.099 -0.135 -0.109 -0.234 -0.285 -0.211 -0.215 -0.096 -0.147 -0.184 -0.303 -0.184  0.109  0.325  0.341  0.129  0.074 -0.132 -0.125 -0.283 -0.354 -0.411 -0.256 -0.111 -0.009  0.142  0.158  0.004  0.028 -0.043 -0.093 -0.197 -0.265 -0.284 -0.245 -0.237 -0.297 -0.289 -0.298 -0.254 -0.169 -0.214 -0.157 -0.134 -0.087  0.028 
-0.159 -0.226 -0.262 -0.298 -0.437 -0.412 -0.365 -0.344 -0.344 -0.238  0.072 -0.042  0.009  0.022  0.101 -0.008  0.047  0.248  0.265  0.082 -0.073 -0.059  0.061  0.152  0.112 -0.154 -0.131 -0.045 -0.231  0.442  0.472  0.175  0.407  0.771  1.000  0.802  0.672  0.543  0.505  0.395  0.415  0.257  0.117  0.149 -0.015  0.009  0.049  0.030 -0.012  0.043 -0.015  0.083  0.105  0.032  0.020  0.137  0.062 -0.007  0.027  0.174  0.186  0.041 -0.068 -0.152 -0.220 -0.222 -0.225 -0.191 -0.185 -0.123 -0.163 -0.167 -0.048  0.042  0.144  0.251  0.229  0.211  0.069  0.026  0.028 -0.100 -0.203 -0.147 -0.070  0.035 -0.061 -0.067 -0.154 -0.077  0.173  0.323  0.276  0.066  0.036 -0.152 -0.134 -0.269 -0.348 -0.390 -0.185 -0.077  0.065  0.077  0.097 -0.100 -0.140 -0.167 -0.208 -0.227 -0.239 -0.194 -0.127 -0.110 -0.200 -0.228 -0.245 -0.267 -0.264 -0.315 -0.316 -0.288 -0.201 -0.073 
-0.069 -0.168 -0.219 -0.310 -0.497 -0.493 -0.462 -0.460 -0.475 -0.410 -0.136 -0.222 -0.158 -0.132 -0.025 -0.101 -0.001  0.204  0.298  0.137 -0.136 -0.129 -0.042  0.021 -0.000 -0.200 -0.233 -0.043 -0.235  0.244  0.404  0.151  0.215  0.610  0.802  1.000  0.879  0.725  0.657  0.536  0.472  0.256  0.061  0.054 -0.130 -0.172 -0.093 -0.113 -0.127 -0.077 -0.126 -0.003  0.039 -0.054 -0.040  0.104  0.040 -0.010  0.017  0.209  0.268  0.125  0.004 -0.102 -0.192 -0.214 -0.213 -0.155 -0.156 -0.073 -0.115 -0.123  0.004  0.091  0.158  0.261  0.207  0.172 -0.003 -0.072 -0.073 -0.220 -0.245 -0.181 -0.102  0.056 -0.074 -0.065 -0.131 -0.005  0.316  0.525  0.488  0.250  0.200 -0.040 -0.071 -0.257 -0.357 -0.375 -0.207 -0.106  0.016  0.058  0.099 -0.099 -0.126 -0.179 -0.210 -0.224 -0.224 -0.190 -0.121 -0.110 -0.211 -0.242 -0.291 -0.292 -0.331 -0.352 -0.317 -0.269 -0.176 -0.047 
-0.089 -0.200 -0.238 -0.348 -0.550 -0.557 -0.514 -0.502 -0.552 -0.498 -0.183 -0.268 -0.201 -0.169 -0.008 -0.037  0.055  0.247  0.368  0.219 -0.155 -0.131 -0.096 -0.025 -0.027 -0.223 -0.318  0.007 -0.209  0.188  0.422  0.195  0.201  0.598  0.672  0.879  1.000  0.905  0.778  0.609  0.478  0.183 -0.049 -0.032 -0.205 -0.223 -0.142 -0.191 -0.202 -0.148 -0.196 -0.070 -0.019 -0.098 -0.078  0.085  0.049  0.009  0.028  0.245  0.300  0.187  0.074 -0.032 -0.129 -0.161 -0.158 -0.096 -0.092 -0.012 -0.055 -0.056  0.063  0.136  0.189  0.283  0.201  0.141 -0.054 -0.123 -0.125 -0.277 -0.298 -0.238 -0.204  0.007 -0.171 -0.223 -0.240 -0.004  0.371  0.613  0.596  0.359  0.297  0.046 -0.073 -0.292 -0.376 -0.400 -0.246 -0.126 -0.028  0.061  0.127 -0.074 -0.087 -0.145 -0.176 -0.203 -0.229 -0.215 -0.152 -0.146 -0.216 -0.261 -0.306 -0.288 -0.317 -0.336 -0.305 -0.258 -0.164 -0.027 
-0.075 -0.183 -0.224 -0.350 -0.546 -0.548 -0.494 -0.496 -0.555 -0.507 -0.245 -0.331 -0.258 -0.213 -0.043 -0.022  0.062  0.210  0.349  0.217 -0.134 -0.092 -0.091 -0.036 -0.055 -0.210 -0.282  0.002 -0.190  0.143  0.351  0.142  0.121  0.490  0.543  0.725  0.905  1.000  0.932  0.776  0.615  0.288  0.031 -0.006 -0.200 -0.298 -0.206 -0.229 -0.217 -0.155 -0.213 -0.061 -0.006 -0.129 -0.089  0.108  0.060  0.028  0.060  0.236  0.232  0.130  0.011 -0.092 -0.188 -0.217 -0.209 -0.147 -0.139 -0.058 -0.088 -0.116  0.003  0.062  0.153  0.267  0.198  0.112 -0.088 -0.161 -0.198 -0.332 -0.292 -0.212 -0.152  0.096 -0.182 -0.252 -0.186  0.148  0.519  0.715  0.654  0.444  0.426  0.173  0.008 -0.246 -0.345 -0.375 -0.299 -0.160 -0.073 -0.001  0.066 -0.159 -0.182 -0.216 -0.233 -0.211 -0.231 -0.199 -0.116 -0.101 -0.143 -0.230 -0.311 -0.321 -0.389 -0.410 -0.384 -0.350 -0.250 -0.084 
-0.036 -0.128 -0.181 -0.308 -0.495 -0.484 -0.413 -0.449 -0.504 -0.441 -0.259 -0.342 -0.288 -0.240 -0.094 -0.058  0.014  0.108  0.257  0.141 -0.107 -0.062 -0.045 -0.014 -0.077 -0.182 -0.180 -0.021 -0.190  0.153  0.300  0.089  0.076  0.417  0.505  0.657  0.778  0.932  1.000  0.898  0.752  0.457  0.199  0.102 -0.122 -0.317 -0.218 -0.203 -0.174 -0.106 -0.177 -0.003  0.041 -0.126 -0.074  0.140  0.050  0.014  0.068  0.191  0.133  0.017 -0.120 -0.219 -0.310 -0.326 -0.312 -0.253 -0.248 -0.164 -0.185 -0.241 -0.112 -0.053  0.098  0.246  0.209  0.106 -0.079 -0.150 -0.215 -0.333 -0.230 -0.130 -0.010  0.236 -0.120 -0.176 -0.066  0.275  0.612  0.732  0.615  0.432  0.480  0.242  0.104 -0.151 -0.275 -0.315 -0.307 -0.155 -0.072 -0.046  0.002 -0.267 -0.321 -0.329 -0.340 -0.255 -0.247 -0.173 -0.066 -0.037 -0.094 -0.199 -0.318 -0.368 -0.490 -0.513 -0.497 -0.468 -0.350 -0.163 
-0.006 -0.084 -0.114 -0.255 -0.366 -0.372 -0.288 -0.318 -0.427 -0.408 -0.248 -0.317 -0.326 -0.300 -0.148 -0.071 -0.023  0.054  0.195  0.167 -0.081 -0.032 -0.067 -0.093 -0.130 -0.026 -0.149 -0.050 -0.112  0.144  0.195  0.043  0.012  0.302  0.395  0.536  0.609  0.776  0.898  1.000  0.854  0.572  0.330  0.210 -0.030 -0.299 -0.237 -0.240 -0.185 -0.114 -0.176 -0.014  0.003 -0.173 -0.098  0.091 -0.030 -0.035  0.039  0.089  0.030 -0.083 -0.221 -0.301 -0.374 -0.379 -0.360 -0.302 -0.301 -0.227 -0.238 -0.313 -0.214 -0.186 -0.040  0.124  0.115 -0.003 -0.146 -0.192 -0.239 -0.286 -0.094  0.063  0.171  0.388 -0.055 -0.147  0.032  0.413  0.692  0.767  0.657  0.561  0.671  0.462  0.323  0.050 -0.077 -0.170 -0.272 -0.179 -0.140 -0.139 -0.124 -0.375 -0.435 -0.404 -0.366 -0.235 -0.187 -0.104 -0.016  0.015 -0.039 -0.130 -0.280 -0.325 -0.498 -0.530 -0.543 -0.525 -0.412 -0.260 
 0.009 -0.019 -0.049 -0.108 -0.237 -0.261 -0.190 -0.198 -0.261 -0.228 -0.061 -0.108 -0.124 -0.105 -0.023 -0.043  0.027  0.061  0.157  0.072 -0.046 -0.068  0.007 -0.003 -0.047 -0.031 -0.071 -0.136 -0.191  0.166  0.139 -0.069 -0.056  0.255  0.415  0.472  0.478  0.615  0.752  0.854  1.000  0.771  0.582  0.471  0.241 -0.052  0.011  0.023  0.041  0.085 -0.009  0.119  0.125 -0.064 -0.055  0.091 -0.070 -0.131 -0.038 -0.019 -0.118 -0.277 -0.401 -0.468 -0.516 -0.479 -0.469 -0.437 -0.455 -0.410 -0.413 -0.492 -0.384 -0.299 -0.057  0.111  0.173  0.136  0.070  0.054  0.004 -0.033  0.095  0.182  0.329  0.457  0.064 -0.024  0.041  0.292  0.482  0.504  0.370  0.270  0.407  0.252  0.246  0.048 -0.044 -0.081 -0.106 -0.008  0.054 -0.025 -0.067 -0.345 -0.503 -0.494 -0.494 -0.357 -0.288 -0.167 -0.065 -0.024 -0.111 -0.165 -0.303 -0.348 -0.501 -0.519 -0.569 -0.523 -0.373 -0.283 
 0.024  0.050  0.005  0.009 -0.039 -0.039  0.053  0.027 -0.001  0.052  0.078  0.043 -0.018 -0.002 -0.039 -0.043 -0.013 -0.076 -0.050 -0.094  0.089  0.059  0.188  0.085 -0.050 -0.019  0.053 -0.222 -0.238  0.080 -0.039 -0.224 -0.166  0.030  0.257  0.256  0.183  0.288  0.457  0.572  0.771  1.000  0.850  0.653  0.429  0.064  0.129  0.188  0.222  0.272  0.183  0.278  0.257  0.059  0.054  0.133 -0.098 -0.153 -0.061 -0.121 -0.279 -0.444 -0.591 -0.636 -0.656 -0.602 -0.575 -0.567 -0.571 -0.537 -0.507 -0.626 -0.528 -0.464 -0.152  0.019  0.150  0.121  0.157  0.176  0.127  0.133  0.278  0.351  0.616  0.679  0.368  0.256  0.305  0.313  0.289  0.190  0.041  0.007  0.169  0.134  0.307  0.288  0.196  0.116  0.034  0.045  0.085 -0.093 -0.168 -0.430 -0.634 -0.576 -0.559 -0.342 -0.203 -0.044  0.072  0.127  0.010 -0.005 -0.181 -0.267 -0.506 -0.533 -0.621 -0.582 -0.435 -0.398 
 0.065  0.125  0.118  0.158  0.178  0.158  0.227  0.223  0.177  0.203  0.219  0.240  0.128  0.102  0.012 -0.010  0.006 -0.074 -0.080 -0.086  0.120  0.057  0.174  0.051 -0.020  0.114  0.079 -0.235 -0.161  0.027 -0.162 -0.273 -0.198 -0.105  0.117  0.061 -0.049  0.031  0.199  0.330  0.582  0.850  1.000  0.852  0.638  0.266  0.283  0.318  0.333  0.354  0.273  0.285  0.237  0.075  0.034  0.036 -0.207 -0.264 -0.156 -0.270 -0.401 -0.564 -0.670 -0.679 -0.658 -0.580 -0.569 -0.583 -0.604 -0.608 -0.567 -0.676 -0.616 -0.547 -0.251 -0.112  0.061  0.088  0.209  0.278  0.272  0.332  0.488  0.552  0.729  0.649  0.409  0.334  0.317  0.247  0.104 -0.030 -0.146 -0.122  0.042  0.094  0.349  0.411  0.365  0.275  0.191  0.140  0.138 -0.071 -0.195 -0.376 -0.611 -0.564 -0.550 -0.361 -0.195 -0.037  0.049  0.093 -0.032  0.003 -0.148 -0.193 -0.384 -0.406 -0.521 -0.481 -0.349 -0.391 
 0.040  0.103  0.127  0.206  0.213  0.161  0.215  0.259  0.202  0.207  0.333  0.387  0.259  0.197  0.108  0.028  0.074  0.026  0.022 -0.017  0.097 -0.013  0.117  0.011  0.018  0.118 -0.019 -0.223 -0.147  0.033 -0.119 -0.219 -0.136 -0.028  0.149  0.054 -0.032 -0.006  0.102  0.210  0.471  0.653  0.852  1.000  0.807  0.458  0.440  0.409  0.371  0.360  0.274  0.241  0.199  0.076 -0.012 -0.044 -0.257 -0.331 -0.226 -0.317 -0.398 -0.557 -0.636 -0.634 -0.592 -0.507 -0.515 -0.537 -0.577 -0.593 -0.554 -0.632 -0.588 -0.491 -0.221 -0.117  0.060  0.134  0.285  0.381  0.413  0.486  0.597  0.585  0.636  0.467  0.262  0.220  0.160  0.100 -0.002 -0.102 -0.177 -0.158 -0.029  0.034  0.283  0.327  0.339  0.311  0.308  0.264  0.238  0.049 -0.096 -0.246 -0.501 -0.488 -0.495 -0.386 -0.240 -0.101 -0.039 -0.010 -0.143 -0.069 -0.161 -0.145 -0.262 -0.289 -0.412 -0.355 -0.220 -0.318 
 0.051  0.159  0.207  0.342  0.363  0.293  0.314  0.408  0.366  0.328  0.470  0.567  0.438  0.337  0.215  0.087  0.136  0.046  0.013 -0.018  0.062 -0.071  0.034 -0.045  0.019  0.091 -0.055 -0.255 -0.123 -0.068 -0.247 -0.273 -0.199 -0.178 -0.015 -0.130 -0.205 -0.200 -0.122 -0.030  0.241  0.429  0.638  0.807  1.000  0.700  0.620  0.574  0.480  0.402  0.313  0.209  0.167  0.100 -0.039 -0.130 -0.286 -0.370 -0.286 -0.414 -0.471 -0.588 -0.592 -0.548 -0.466 -0.363 -0.376 -0.439 -0.485 -0.548 -0.511 -0.561 -0.565 -0.460 -0.232 -0.182  0.024  0.166  0.405  0.539  0.591  0.695  0.668  0.502  0.494  0.235  0.109  0.133  0.061 -0.061 -0.192 -0.292 -0.334 -0.294 -0.187 -0.071  0.126  0.222  0.335  0.431  0.485  0.432  0.380  0.155 -0.036 -0.101 -0.361 -0.379 -0.401 -0.348 -0.227 -0.112 -0.087 -0.071 -0.163 -0.056 -0.091 -0.056 -0.093 -0.103 -0.218 -0.155 -0.041 -0.194 
-0.114  0.006  0.080  0.272  0.315  0.249  0.199  0.375  0.421  0.368  0.614  0.769  0.729  0.607  0.426  0.201  0.218  0.266  0.088  0.025  0.055 -0.081  0.043  0.064  0.168 -0.044 -0.165 -0.378 -0.274 -0.141 -0.299 -0.364 -0.242 -0.148  0.009 -0.172 -0.223 -0.298 -0.317 -0.299 -0.052  0.064  0.266  0.458  0.700  1.000  0.853  0.704  0.558  0.451  0.418  0.248  0.211  0.282  0.103 -0.062 -0.120 -0.215 -0.175 -0.283 -0.295 -0.389 -0.332 -0.284 -0.187 -0.101 -0.133 -0.209 -0.245 -0.330 -0.301 -0.272 -0.280 -0.187 -0.072 -0.141  0.034  0.227  0.506  0.628  0.711  0.767  0.474  0.235  0.125 -0.128 -0.063 -0.032 -0.109 -0.274 -0.397 -0.454 -0.447 -0.422 -0.388 -0.272 -0.193 -0.077  0.094  0.248  0.484  0.445  0.434  0.218  0.090  0.171 -0.018 -0.060 -0.108 -0.167 -0.120 -0.081 -0.113 -0.127 -0.171 -0.081  0.025  0.099  0.207  0.191  0.078  0.131  0.186 -0.017 
